470000    0.00000000033
360000    0.00000000033
100000    0.00000000033
10000    0.00000000033
5100    0.00000000033
5045    0.00000000033
3300    0.00000000033
2200    0.00000000033
2000    0.00000000033
1000    0.00000000033
100    0.00000000033
470000    0.000000001
360000    0.000000001
100000    0.000000001
10000    0.000000001
5100    0.000000001
5045    0.000000001
3300    0.000000001
2200    0.000000001
2000    0.000000001
1000    0.000000001
100    0.000000001
470000    0.000000005
360000    0.000000005
100000    0.000000005
10000    0.000000005
5100    0.000000005
5045    0.000000005
3300    0.000000005
2200    0.000000005
2000    0.000000005
1000    0.000000005
100    0.000000005
470000    0.00000001
360000    0.00000001
100000    0.00000001
10000    0.00000001
5100    0.00000001
5045   0.00000001
3300    0.00000001
2200    0.00000001
2000    0.00000001
1000    0.00000001
100    0.00000001
470000    0.000000039
360000    0.000000039
100000    0.000000039
10000    0.000000039
5100    0.000000039
5045    0.000000039
3300    0.000000039
2200    0.000000039
2000    0.000000039
1000    0.000000039
100    0.000000039
470000    0.0000001
360000    0.0000001
100000    0.0000001
10000    0.0000001
5100    0.0000001
5045    0.0000001
3300    0.0000001
2200    0.0000001
2000    0.0000001
1000    0.0000001
100    0.0000001
470000    0.0000047
360000    0.0000047
100000    0.0000047
10000    0.0000047
5100    0.0000047
5045    0.0000047
3300    0.0000047
2200    0.0000047
2000    0.0000047
1000    0.0000047
100    0.0000047
470000    0.000001cd 
360000    0.000001
100000    0.000001
10000    0.000001
5100    0.000001
5045    0.000001
3300    0.000001
2200    0.000001
2000    0.000001
1000    0.000001
100    0.000001
470000    0.00001
360000    0.00001
100000    0.00001
10000    0.00001
5100    0.00001
5045    0.00001
3300    0.00001
2200    0.00001
2000    0.00001
1000    0.00001
100    0.00001